477.452	730.435	478.713	802.059	446.420	48.142	629.673	387.338	661.231	697.482	557.772	112.758	73.137	139.527	801.835	988.940	814.116	71.039	174.808	95.829	407.570	27.211	963.064	418.253	239.580	143.526	2.525	395.048	514.254	181.046	962.598	823.100	207.667	992.732	229.469	324.417	982.825	780.501	564.905	363.926	165.309	571.320	320.586	192.660	271.394	929.552	163.208	942.998	543.334	147.848	878.309	183.340	671.254	684.490	136.734	671.332	839.105	181.481	288.481	797.934	436.775	998.022	940.663	352.884	986.752	282.982	857.160	377.887
155.997	661.134	782.945	973.086	596.715	252.347	299.142	865.466	469.554	435.807	616.644	257.758	105.442	574.989	258.911	540.180	730.871	266.457	80.915	114.211	462.671	928.269	816.223	528.125	330.049	919.778	978.812	679.677	329.560	510.674	398.444	663.958	392.186	634.119	234.827	335.746	548.422	763.080	318.753	775.581	813.810	94.928	684.142	701.909	383.375	530.454	406.541	968.455	129.691	389.026	387.429	527.747	854.306	736.301	948.216	18.717	905.480	295.971	612.413	532.346	620.019	451.762	254.446	936.629	440.809	660.469	288.485	941.755
880.987	796.722	215.294	768.437	647.814	190.087	42.548	309.512	113.960	71.515	38.484	504.759	279.197	769.169	184.005	498.048	411.444	995.664	396.962	778.732	242.560	24.563	996.988	302.413	580.152	197.141	437.362	244.302	727.824	90.130	752.718	311.647	530.875	378.169	180.468	236.138	788.223	342.004	785.003	644.801	502.565	966.903	932.349	822.880	543.211	853.378	779.545	402.307	261.387	133.534	237.466	234.430	183.313	762.876	100.086	546.110	994.076	487.310	797.975	285.904	37.658	954.447	396.536	792.079	917.545	984.052	960.174	532.006
504.212	888.153	360.967	84.059	570.178	859.175	803.590	250.339	826.842	67.976	308.788	681.885	169.436	40.434	595.920	533.090	366.224	2.596	526.610	355.015	886.964	811.846	348.540	454.533	780.280	313.447	968.722	878.068	285.647	394.575	838.146	340.132	742.759	993.960	351.037	654.544	411.328	681.807	490.566	233.999	630.771	538.477	629.720	504.832	730.130	96.186	658.061	782.005	135.008	32.310	225.577	576.121	509.209	275.360	967.447	597.928	905.831	297.114	76.965	575.642	2.015	916.827	57.609	770.896	847.838	951.533	843.463	718.318
104.747	377.009	163.681	145.245	269.308	217.304	669.016	193.855	899.586	919.495	960.016	861.826	126.501	230.943	857.288	710.140	312.420	715.372	150.766	211.665	507.471	15.331	390.618	814.068	382.057	428.207	643.779	466.492	110.721	10.142	168.726	215.952	157.620	310.967	386.068	63.389	957.952	545.053	958.927	500.417	518.002	844.720	296.746	257.117	559.669	292.786	271.778	402.569	882.952	68.869	37.649	521.643	500.119	108.595	103.065	823.968	743.224	256.590	387.692	726.444	271.979	435.310	960.113	946.705	433.785	97.664	716.998	612.412
366.216	830.276	847.999	2.861	996.379	743.469	904.793	571.890	366.823	519.681	487.481	337.115	9.969	78.768	906.128	80.117	648.387	379.373	414.511	789.057	153.974	21.959	275.315	348.116	315.835	292.975	21.553	925.521	653.247	225.354	872.823	516.324	543.401	733.555	247.013	320.430	424.076	992.863	678.300	610.592	546.979	939.318	906.762	219.771	548.064	627.635	597.403	26.794	114.311	427.272	912.326	569.552	749.278	968.915	637.731	894.198	146.938	681.441	182.653	904.436	237.562	279.040	214.388	502.433	870.249	748.141	334.619	664.244
134.547	510.272	997.419	368.450	958.159	682.592	740.136	812.218	614.098	937.872	470.213	375.600	931.967	247.731	211.139	736.274	560.269	721.305	958.709	596.190	430.045	574.568	65.822	225.887	728.093	639.211	614.913	779.148	482.125	796.594	746.073	346.559	444.259	351.649	957.369	816.678	931.800	320.433	84.885	714.088	739.738	601.295	444.288	144.406	275.972	194.409	939.735	339.882	5.789	84.686	889.662	656.475	515.220	180.994	937.484	299.327	317.974	13.139	223.815	715.803	35.460	669.595	163.015	792.701	543.122	577.433	404.638	822.545
466.548	817.493	105.067	139.516	424.119	567.841	858.901	906.377	739.172	59.005	80.860	220.618	771.393	350.566	5.997	976.046	192.998	153.420	821.587	762.619	369.769	457.307	146.728	362.722	57.047	23.568	38.705	761.635	761.370	124.740	364.994	983.428	983.036	119.434	882.823	118.804	31.923	472.681	583.416	261.404	747.741	615.532	96.478	971.610	839.226	189.223	384.835	595.752	580.882	456.719	345.157	152.877	131.907	346.220	138.938	336.262	636.700	552.904	578.280	149.712	877.368	461.856	796.972	326.451	237.776	600.930	866.101	429.535
571.450	545.281	673.778	136.277	254.818	428.026	613.867	241.306	271.821	977.078	989.535	959.148	796.054	498.271	188.014	413.664	327.765	712.303	17.438	805.736	434.926	906.319	334.197	679.014	658.581	888.884	287.814	756.985	148.495	975.223	721.076	630.988	981.768	115.532	214.983	239.340	751.877	697.797	122.498	177.635	76.613	984.280	391.067	103.920	212.118	562.640	642.140	445.844	278.271	197.558	950.161	838.765	756.737	633.901	271.840	151.474	689.306	724.189	204.502	329.319	973.033	602.508	957.940	73.959	332.562	797.045	595.671	687.263
295.233	610.767	324.270	972.928	643.760	272.632	165.560	148.749	977.001	662.976	368.557	368.636	67.124	329.081	772.603	527.990	202.909	282.551	837.472	104.592	994.655	625.135	777.874	387.528	624.700	400.372	47.996	540.115	899.042	249.763	408.592	404.434	243.434	349.696	139.130	446.935	554.789	623.063	795.293	912.848	914.314	885.442	38.912	34.422	520.254	563.566	710.501	781.874	502.191	350.899	389.949	831.336	500.655	725.270	258.891	781.875	370.538	80.961	585.649	212.659	391.165	138.145	252.208	149.535	68.648	338.810	30.664	587.465
373.353	707.166	193.794	67.145	105.823	837.921	355.586	220.326	132.535	317.226	876.004	588.319	854.214	49.517	77.663	453.883	401.908	803.359	83.982	742.349	910.115	767.215	6.670	807.720	922.681	466.452	759.205	164.891	259.233	120.443	637.961	608.730	990.514	748.525	930.678	283.425	555.949	810.896	197.362	506.421	517.532	176.847	48.678	107.822	961.299	329.406	348.748	932.493	742.396	194.069	134.072	392.917	320.848	6.331	325.091	799.433	920.164	130.129	113.106	97.941	273.812	98.086	153.032	598.446	155.531	106.785	949.336	627.434
372.315	160.875	374.359	327.745	93.220	45.864	564.756	137.701	18.616	366.345	719.787	390.125	221.362	866.950	313.195	207.353	119.249	797.259	430.051	611.165	387.477	290.124	187.807	732.212	381.036	136.457	926.888	90.447	481.441	837.461	638.260	377.848	842.137	481.916	54.909	19.041	63.295	247.348	421.126	822.661	751.471	101.530	169.513	365.185	237.980	809.703	105.919	13.072	71.206	935.313	699.291	323.504	741.840	889.523	411.987	560.368	135.224	788.605	826.701	625.819	19.365	88.863	264.340	671.077	749.112	531.040	784.326	340.668
774.224	140.414	317.717	767.429	492.315	364.447	712.272	456.458	661.619	468.685	881.620	591.823	671.014	766.270	324.851	168.030	868.960	578.268	113.643	455.390	757.458	663.121	295.541	229.511	969.137	202.294	365.464	690.657	163.972	384.862	140.868	408.130	415.878	846.780	301.489	370.008	477.532	285.834	414.927	446.131	758.625	389.467	631.294	234.273	41.517	654.866	743.403	237.763	297.043	939.508	991.234	586.099	771.004	170.850	843.506	152.333	620.687	401.590	67.183	975.421	196.239	657.796	306.647	350.794	703.362	18.785	618.656	6.319
732.325	751.135	78.470	435.550	984.974	762.280	219.350	343.704	550.140	205.559	592.333	311.982	387.978	567.161	892.387	495.697	517.918	878.844	906.193	784.006	788.280	192.141	967.834	462.437	975.463	135.969	868.813	431.956	0.923	825.582	972.301	30.340	851.056	33.077	986.800	205.445	94.407	237.780	671.411	836.078	543.234	847.453	549.619	397.863	464.031	209.211	530.506	519.023	386.012	321.527	215.850	66.504	271.736	660.599	760.321	509.064	465.231	302.463	992.026	584.216	243.682	949.608	356.365	101.586	92.336	42.954	732.276	143.891
641.121	40.981	73.711	731.371	806.268	48.933	396.200	449.680	233.383	107.146	672.673	85.061	975.462	359.597	165.064	767.087	193.216	242.032	972.952	963.375	344.983	30.098	335.001	738.801	149.890	161.008	124.996	865.510	90.663	908.097	995.814	395.095	600.194	854.363	796.224	818.066	903.488	25.885	692.806	188.490	255.568	40.087	658.665	301.766	794.258	951.044	756.630	582.155	504.543	197.360	165.803	256.310	239.452	511.063	630.003	598.919	501.675	545.613	89.581	361.184	706.390	362.781	984.402	822.303	531.271	341.694	975.714	485.956
872.283	470.685	582.969	601.649	68.849	941.846	84.943	741.489	200.939	102.431	457.004	880.278	621.102	851.414	633.508	765.476	318.860	349.195	673.040	448.214	628.571	380.179	653.141	306.186	383.429	83.237	237.567	214.489	700.247	608.081	48.627	972.010	762.552	969.278	908.881	127.156	935.269	686.789	430.308	408.736	969.414	51.480	368.930	39.141	869.934	761.925	939.738	90.804	48.765	112.900	50.450	752.314	302.969	831.365	924.549	570.583	367.788	287.527	890.429	834.008	263.322	454.951	873.733	799.893	264.966	560.306	738.133	603.394
580.540	814.278	630.181	411.117	748.670	532.123	420.936	74.755	479.781	736.120	941.398	426.912	298.059	29.695	569.540	635.512	659.631	273.527	346.423	201.829	743.679	54.108	91.642	447.562	129.681	696.650	126.493	693.687	864.482	816.128	968.941	417.791	950.705	600.756	919.449	262.048	372.608	977.292	881.215	824.579	514.883	426.486	805.125	264.855	332.467	114.463	310.971	134.299	75.075	450.507	649.773	303.982	458.759	963.049	152.245	531.109	503.250	160.295	341.260	482.462	78.009	325.948	398.315	968.833	29.124	712.954	727.110	363.305
406.348	626.954	170.766	461.227	78.927	506.050	815.966	590.626	741.017	513.692	622.741	641.169	186.486	946.087	890.385	687.350	453.524	951.658	581.716	59.606	275.380	468.776	760.018	699.144	331.544	64.633	651.989	824.268	880.509	560.701	54.296	523.204	820.254	417.273	5.988	448.967	110.889	176.751	819.173	417.073	99.729	806.516	441.038	655.043	398.428	204.535	312.083	797.873	619.443	84.593	651.381	192.616	155.014	523.451	521.518	706.164	697.006	197.144	458.698	819.736	779.226	334.604	585.796	945.064	147.037	424.403	77.564	615.528
873.246	989.772	873.041	259.986	884.246	537.494	532.219	480.754	740.824	653.742	205.200	395.159	764.025	100.844	394.111	754.665	276.106	213.430	139.853	504.915	574.799	172.058	151.173	773.036	655.865	558.039	440.618	326.291	519.551	833.661	810.852	144.679	710.677	171.201	436.055	268.253	458.721	820.149	920.057	900.217	576.900	344.710	161.554	719.986	810.516	725.889	604.044	606.671	14.450	216.883	936.646	937.111	808.626	373.581	64.959	464.389	562.366	523.481	793.884	212.588	532.022	414.319	356.863	99.350	818.127	519.174	765.685	721.722
441.230	998.879	401.573	433.380	68.878	809.719	12.111	339.252	182.503	136.729	407.060	910.492	677.124	509.247	581.920	802.330	246.899	116.770	18.296	101.969	589.361	247.583	997.438	306.637	507.547	973.483	650.782	234.287	111.067	545.385	302.478	456.344	383.460	308.406	114.142	862.661	344.213	427.703	739.348	645.455	303.908	838.701	536.724	387.623	845.711	408.519	179.132	170.199	585.631	394.399	454.458	569.603	668.497	51.890	73.480	110.766	23.706	985.430	791.507	394.323	969.798	317.232	828.471	171.586	58.523	733.392	319.944	874.543
446.941	6.767	680.282	95.028	915.562	871.140	53.931	846.518	91.467	995.884	187.128	670.951	525.749	563.033	275.451	384.681	741.106	633.335	715.575	611.606	486.031	858.451	280.304	257.782	107.109	707.876	926.491	949.008	591.197	126.826	96.224	144.670	831.840	589.061	917.352	687.381	201.030	690.789	176.727	81.199	377.924	616.026	403.532	412.311	621.481	225.554	354.231	238.441	615.723	490.941	716.881	103.275	450.347	855.065	871.347	264.264	141.410	134.930	134.264	675.627	897.010	572.627	817.224	939.634	499.849	131.865	263.757	265.300
60.865	782.367	903.645	142.962	740.389	789.891	694.304	19.593	712.275	178.369	884.940	631.223	922.715	997.821	415.979	406.956	194.373	910.089	643.560	83.444	245.185	403.043	785.200	360.801	103.568	842.615	721.233	426.012	984.724	690.773	953.924	346.921	37.754	601.763	253.861	344.176	205.895	229.233	681.439	904.190	126.166	305.145	499.387	149.017	470.763	195.346	187.245	664.499	721.386	486.274	809.867	30.072	392.983	749.686	855.256	862.817	157.781	519.382	565.001	860.375	124.161	333.953	109.514	374.244	456.162	126.292	490.977	640.287
201.077	326.306	405.218	492.064	895.195	324.936	393.897	529.266	899.708	24.239	980.629	989.271	153.287	28.504	707.252	932.770	778.516	104.588	452.374	584.427	422.741	107.904	961.993	590.140	985.303	264.909	486.893	850.650	541.681	599.750	909.786	608.469	170.522	837.596	176.785	104.637	963.074	875.088	139.266	397.165	741.061	503.466	722.611	321.629	331.177	442.636	9.955	330.098	740.204	890.118	594.649	296.576	800.990	173.569	773.316	275.970	893.725	297.116	780.531	294.365	406.284	554.993	161.815	434.293	954.004	651.550	100.857	618.259
769.897	143.627	352.723	255.487	724.062	122.899	584.674	192.410	940.484	693.050	217.215	897.700	538.940	223.890	886.247	220.307	151.193	122.567	872.949	172.646	850.002	53.767	729.289	887.406	645.116	657.113	820.484	477.414	449.707	229.860	201.139	578.961	673.199	115.447	492.888	309.804	708.921	486.866	137.906	305.381	886.140	822.983	317.641	91.698	777.547	600.645	855.869	511.848	35.830	680.339	681.354	757.225	906.681	96.673	393.280	930.790	28.708	195.799	977.874	859.644	430.965	901.497	640.481	6.078	871.564	982.754	767.124	21.816
784.311	513.530	325.600	531.030	590.394	688.276	934.546	147.698	157.280	822.230	347.815	383.757	851.678	342.547	183.062	526.091	620.654	340.801	264.458	683.809	882.251	217.359	15.327	305.476	316.717	211.067	188.312	74.651	608.768	332.273	546.402	377.503	946.449	364.325	771.214	644.187	809.863	783.083	496.902	959.836	480.574	322.352	282.012	557.393	412.120	677.224	762.998	136.322	698.517	849.442	829.051	824.097	507.648	5.994	197.359	270.060	952.914	741.067	295.420	384.393	102.242	698.310	637.398	708.836	266.744	596.399	564.820	527.832
529.828	575.876	974.653	924.377	192.039	952.661	920.768	126.292	763.320	173.442	858.631	513.949	965.360	563.311	417.403	532.017	185.161	252.338	664.931	696.174	583.996	229.775	763.046	839.140	427.076	269.289	193.653	410.942	945.051	232.761	969.022	972.722	458.990	98.771	691.100	366.980	220.944	290.575	599.112	882.248	936.404	945.266	343.061	742.482	252.268	164.522	426.489	653.288	945.132	640.642	384.786	799.287	127.416	470.355	251.282	638.019	8.574	297.644	75.440	743.469	180.942	982.518	784.336	355.764	948.711	819.961	903.564	317.832
153.563	712.137	39.747	414.116	685.799	592.459	631.689	308.056	693.773	389.627	752.146	27.489	821.122	680.996	924.672	77.451	157.210	961.650	255.869	174.139	635.454	814.929	517.727	283.118	730.130	74.342	565.697	366.628	54.129	458.064	602.331	578.969	469.771	204.422	788.400	981.319	676.989	770.452	839.932	670.964	996.437	542.969	648.705	376.825	698.723	651.690	270.362	508.109	794.212	778.080	440.720	56.468	913.732	938.742	335.914	944.234	465.346	819.250	414.715	525.943	179.243	703.162	846.155	245.846	30.392	44.500	723.573	971.267
709.135	377.505	963.786	839.504	685.663	989.309	673.469	382.823	693.075	763.334	390.009	938.002	414.274	666.428	294.219	227.221	469.950	14.558	435.562	583.861	203.056	75.891	892.136	983.148	689.056	9.141	82.989	531.443	614.265	10.670	601.646	970.691	987.912	354.800	246.246	90.395	60.241	410.489	416.261	868.589	200.313	458.242	471.846	193.965	343.389	685.644	714.978	479.667	235.131	12.041	281.056	583.535	481.836	187.125	893.944	73.391	764.442	855.083	963.794	637.035	164.536	180.481	162.264	321.964	933.051	335.664	850.066	53.061
82.513	221.549	631.740	649.593	822.352	24.210	859.820	151.510	561.583	158.009	171.548	61.601	839.934	152.105	177.576	356.810	656.305	966.627	223.952	517.107	284.286	249.168	991.909	407.244	296.101	657.569	220.078	982.952	425.324	827.120	982.380	145.310	274.262	318.048	835.921	892.290	863.197	615.379	142.608	695.393	57.797	144.514	716.077	505.752	433.019	805.282	240.413	560.374	915.377	714.264	398.198	987.760	90.463	186.472	579.813	497.990	484.219	214.830	485.946	221.155	67.340	623.617	181.801	935.524	346.705	329.837	963.762	935.463
813.071	649.998	898.537	41.576	611.851	699.013	523.104	4.490	228.709	530.232	864.996	650.937	55.780	362.138	82.611	668.209	177.991	833.753	850.451	670.773	658.095	337.932	301.539	189.836	487.538	514.440	764.641	785.822	449.775	129.358	980.915	37.199	58.967	416.753	0.083	580.945	176.568	431.454	374.404	904.198	504.759	875.028	613.529	104.505	176.819	594.846	490.495	65.474	582.405	685.407	587.214	116.123	288.099	270.950	536.694	736.789	83.259	633.179	3.362	629.297	863.557	457.166	78.923	11.663	438.623	868.106	608.933	80.911
182.545	123.201	266.376	107.305	917.135	724.305	883.911	441.721	63.528	58.681	146.144	894.374	825.407	484.655	45.061	593.799	805.702	31.446	193.144	781.720	402.607	240.284	157.469	963.195	634.690	524.393	720.527	104.505	269.659	655.875	566.896	835.018	547.921	734.032	338.277	907.714	434.680	605.143	755.205	66.130	694.475	644.325	284.566	845.316	8.495	182.641	282.485	981.840	617.412	398.790	263.336	33.516	567.541	453.180	242.094	665.953	5.750	812.453	810.414	482.811	508.399	313.470	744.567	200.153	735.909	28.428	654.340	985.478
22.558	793.446	521.275	193.824	271.548	5.182	366.348	61.042	710.902	759.217	807.667	13.897	927.348	286.237	760.639	885.349	585.715	191.162	10.119	400.413	228.008	628.172	750.397	567.751	536.486	71.902	804.146	746.679	863.399	868.058	897.474	842.818	715.530	956.176	472.907	873.065	593.048	469.818	63.043	315.735	42.522	451.208	122.338	942.244	456.321	528.947	517.550	367.008	318.694	153.438	977.720	474.463	28.832	303.678	240.857	770.321	580.195	278.988	359.166	9.627	611.182	554.196	302.811	615.939	694.446	502.584	526.169	747.460
544.933	806.940	415.007	878.077	219.315	341.986	643.873	795.688	955.739	852.125	531.024	927.781	642.691	19.604	244.186	208.380	388.795	283.169	26.183	813.590	994.057	23.732	406.639	55.200	696.581	180.667	88.383	495.413	638.345	214.894	263.144	787.695	453.012	852.318	1.086	303.948	680.761	589.776	200.457	563.421	859.960	788.150	969.819	769.195	676.243	85.434	78.833	989.031	726.269	511.626	721.269	549.475	563.359	827.575	83.797	339.551	179.511	63.363	321.280	64.234	184.315	928.813	816.058	189.457	598.349	959.236	216.666	237.949
506.155	862.487	487.632	341.413	722.963	162.867	426.772	922.289	883.178	532.068	228.866	839.160	693.401	843.950	861.343	187.476	236.579	976.219	215.143	854.440	591.264	361.896	341.523	617.667	876.652	490.137	290.888	509.407	9.677	790.707	180.302	955.193	668.371	906.740	955.850	776.877	334.782	310.533	657.820	21.886	298.711	442.852	841.472	828.467	169.068	165.958	85.151	712.548	850.528	115.073	163.631	209.831	841.625	27.088	96.360	152.658	329.124	579.032	631.455	850.434	845.735	932.159	404.917	400.586	112.778	223.543	959.108	701.542
391.994	710.328	27.096	99.569	725.110	815.019	645.584	342.588	727.011	214.279	168.739	450.770	161.800	978.586	235.864	305.789	575.055	255.725	182.528	603.138	592.127	287.864	192.669	199.724	774.377	205.387	75.895	432.170	167.714	678.296	345.929	209.463	993.556	385.478	75.183	87.456	612.707	914.473	974.840	810.175	482.381	517.488	219.169	802.325	605.352	52.233	69.934	188.383	331.106	518.542	272.894	396.095	939.265	271.200	885.337	26.204	149.377	879.521	248.363	940.843	869.202	602.552	378.236	280.890	139.938	79.830	761.060	171.732
694.709	32.102	139.080	179.319	707.829	313.871	249.468	327.194	957.296	525.929	175.291	838.981	229.785	349.743	190.666	678.008	478.898	457.244	916.576	643.443	350.769	411.965	372.956	649.344	91.305	992.223	154.231	948.262	722.426	694.320	122.794	198.720	391.276	570.714	45.536	908.025	68.496	469.158	567.876	772.890	677.989	375.504	16.842	280.415	741.669	524.828	556.541	501.395	147.865	868.355	19.900	735.627	338.834	652.124	207.852	511.744	221.697	960.826	347.039	25.876	964.843	988.577	885.575	433.541	760.128	897.596	22.324	117.250
351.594	431.425	110.962	988.943	92.980	74.656	99.904	883.295	473.311	479.708	991.937	539.607	734.186	839.834	170.497	182.142	654.023	851.496	603.790	407.807	961.823	5.326	415.414	232.512	295.436	226.457	718.404	116.057	811.771	579.251	953.645	480.573	922.530	672.695	688.612	109.573	408.569	614.897	519.550	769.307	933.420	635.908	957.174	566.088	421.713	794.400	214.060	131.635	308.968	681.636	507.547	192.961	140.406	666.289	592.433	25.029	952.373	270.386	34.211	748.114	741.889	764.919	430.640	372.679	763.948	740.298	714.984	703.787
800.392	391.713	662.033	726.422	315.433	815.481	503.454	589.779	838.953	994.387	533.374	446.232	287.944	624.264	855.328	381.340	304.291	530.258	339.651	391.751	779.344	763.460	304.259	946.217	99.526	13.592	418.851	829.716	484.472	47.152	580.678	849.427	645.130	438.430	689.123	778.702	580.598	316.815	120.574	531.945	304.997	446.318	62.510	979.413	445.216	532.039	727.429	245.757	112.593	993.016	303.236	172.897	760.611	830.547	888.866	693.840	926.786	955.889	287.389	781.615	175.970	3.982	820.898	777.990	93.959	702.635	42.536	699.013
931.311	882.010	366.445	9.098	405.602	850.077	444.580	743.512	699.513	771.412	743.509	383.771	208.837	31.231	498.492	216.516	446.941	633.054	603.932	804.919	191.407	788.565	883.080	967.045	814.507	749.452	101.091	990.322	860.107	383.697	502.506	775.081	601.335	790.933	27.950	24.792	552.237	929.876	238.642	144.573	392.760	19.358	723.687	705.724	855.425	946.529	927.837	160.125	572.421	259.806	840.744	849.095	79.489	603.125	223.124	652.736	317.951	90.000	154.128	337.748	219.545	734.956	124.625	298.075	236.073	560.772	60.810	273.152
684.368	843.454	322.206	376.077	472.543	898.405	30.891	501.615	385.633	152.731	607.504	864.938	812.925	312.180	543.989	173.358	689.647	773.660	335.568	636.883	538.543	78.037	903.863	344.093	802.320	31.057	342.079	316.054	27.068	250.076	8.253	457.463	618.200	706.939	653.313	239.242	270.316	363.358	359.804	285.310	273.872	415.130	438.840	834.865	203.973	354.806	724.209	534.599	417.550	163.598	273.042	293.139	521.643	194.321	617.768	604.214	342.524	710.298	332.542	486.454	579.590	964.686	796.915	501.197	524.607	978.210	728.113	108.259
316.671	982.121	929.656	752.820	647.407	637.982	111.739	442.305	869.382	573.460	418.373	862.371	175.668	583.117	172.608	774.694	728.169	988.395	493.474	928.930	664.941	593.869	115.825	319.717	847.795	571.425	52.327	605.042	650.479	675.213	651.506	462.599	866.607	537.099	990.307	659.842	28.800	835.418	914.962	563.480	643.677	18.584	798.702	457.448	365.678	862.406	675.542	547.585	749.059	464.737	959.019	548.557	589.823	888.256	701.968	615.813	174.364	43.481	671.414	127.936	822.495	722.252	413.802	178.257	674.754	952.162	324.557	343.421
14.835	664.728	939.341	509.667	844.882	269.777	314.364	611.038	890.864	764.450	63.028	198.215	634.242	744.651	300.676	174.536	393.030	818.496	708.180	374.389	414.152	788.042	531.683	354.160	423.494	864.780	17.858	297.064	424.463	510.176	605.536	85.422	305.211	114.991	591.895	961.983	787.345	941.332	526.484	517.125	776.815	69.657	398.929	32.609	345.487	487.459	234.879	234.512	582.422	430.389	430.241	224.907	426.949	45.518	661.355	717.901	25.955	788.300	929.886	875.017	393.727	984.040	518.654	940.389	705.229	962.084	127.476	453.064
151.904	431.965	885.145	434.890	536.749	394.673	444.503	130.028	731.779	674.968	290.645	449.577	82.626	944.627	335.841	662.089	759.842	445.468	813.154	935.131	460.818	865.661	878.445	447.093	498.899	734.107	338.897	0.909	149.418	485.504	613.401	561.519	929.878	79.329	721.947	812.297	427.126	966.411	940.543	565.115	964.132	609.747	364.731	747.573	281.775	360.137	649.180	529.719	206.520	119.302	358.190	101.185	665.637	712.753	933.315	230.187	3.434	617.752	707.204	565.341	89.728	688.510	20.616	1.684	119.120	452.587	889.371	723.927
423.826	258.173	197.944	205.955	357.943	942.608	839.807	445.469	13.477	532.370	262.197	416.152	984.810	22.961	368.048	623.481	79.438	786.123	949.479	255.954	462.324	515.843	306.748	814.650	321.935	149.047	530.462	568.113	587.445	868.876	870.656	117.178	484.839	851.189	735.827	894.085	669.142	404.299	795.822	718.030	610.078	848.755	775.237	622.922	681.445	893.749	387.848	526.153	792.129	543.714	265.004	660.823	707.630	979.729	296.422	418.494	60.492	182.273	36.019	26.661	956.984	66.187	581.553	946.927	468.184	940.963	929.714	775.290
642.234	434.704	60.533	762.591	819.792	665.139	134.037	864.210	337.238	32.051	492.397	805.527	491.895	288.542	39.715	345.439	969.387	3.576	192.571	548.135	35.851	699.427	382.526	493.475	577.617	64.472	862.214	319.090	738.537	860.949	608.294	690.417	15.873	151.036	41.635	225.060	684.093	873.199	651.867	113.075	690.813	87.714	683.475	468.617	34.712	502.634	830.914	933.331	696.096	567.236	566.669	742.709	63.432	824.751	191.357	501.257	516.454	380.206	222.485	678.496	810.034	21.452	165.363	94.456	484.972	664.634	102.460	667.015
277.983	920.575	2.740	653.022	660.060	905.218	17.870	240.420	785.319	980.489	524.401	986.937	88.506	429.199	538.518	438.635	870.455	989.482	875.264	414.469	9.596	26.117	806.170	359.674	833.568	808.668	725.391	294.012	642.075	24.063	299.425	656.074	508.787	474.352	842.653	827.617	249.639	141.106	490.121	526.834	81.713	786.158	381.140	407.782	295.906	693.576	997.627	156.363	675.602	458.441	460.697	887.384	418.729	893.362	129.035	530.312	303.079	100.526	803.348	778.018	588.701	829.319	142.915	801.267	981.173	630.679	980.640	797.433
68.436	805.013	319.896	719.641	268.365	957.745	334.589	683.373	641.072	345.949	565.456	689.957	754.847	879.166	453.537	931.479	466.070	944.876	405.718	314.312	839.938	304.976	910.632	893.304	778.313	21.563	881.292	284.441	181.668	413.382	946.203	483.479	660.821	408.485	110.514	969.091	383.627	824.734	13.127	493.171	968.150	587.419	309.423	763.168	229.847	15.245	220.013	776.630	123.868	310.272	290.991	138.332	529.065	8.911	900.624	926.693	55.715	310.625	223.429	446.226	441.109	596.206	160.459	564.995	213.884	18.769	107.679	483.363
871.606	758.259	782.715	436.745	715.688	748.324	909.680	88.693	750.946	280.867	814.002	713.278	327.252	183.813	78.436	930.899	422.784	51.544	341.756	272.654	17.624	59.446	544.046	830.062	516.172	127.638	974.943	334.039	662.416	980.976	584.555	16.474	811.835	399.019	828.841	478.069	954.033	289.799	726.657	284.249	583.422	136.125	574.267	440.594	909.990	617.515	295.519	224.306	736.717	339.050	834.833	914.682	354.874	724.408	350.284	826.197	104.894	893.455	99.967	88.320	876.929	78.695	418.045	786.104	623.147	311.399	971.485	820.955
76.831	711.930	31.435	60.328	904.330	90.564	783.322	776.943	918.016	397.496	225.839	575.946	456.073	497.595	603.505	983.808	987.247	570.893	170.029	753.996	69.252	251.371	60.265	459.722	792.541	838.799	86.249	746.251	375.771	567.404	901.939	733.586	21.684	134.366	725.995	670.893	638.937	488.239	788.714	424.332	168.231	573.330	592.592	839.498	426.017	32.391	444.803	645.378	961.948	239.538	259.536	862.792	55.525	321.813	956.504	469.729	459.207	290.752	543.284	705.414	215.375	639.886	600.908	848.307	721.422	465.269	702.120	29.584
568.265	986.170	530.673	874.571	778.236	789.524	797.936	599.041	3.618	696.617	293.581	54.856	256.340	98.757	254.446	955.726	246.989	389.861	23.282	355.627	830.117	875.601	910.074	424.496	578.894	136.798	732.219	797.370	149.518	201.633	998.785	615.087	670.472	124.261	496.894	863.811	274.356	629.021	3.228	789.712	67.953	444.472	748.769	893.267	795.522	273.069	331.490	945.490	886.128	841.862	943.944	410.995	695.209	606.234	428.559	933.724	82.693	567.344	744.173	708.945	686.504	747.932	493.852	488.599	779.225	700.664	970.052	50.253
474.382	59.517	551.196	208.454	321.517	660.210	927.912	87.825	586.089	823.531	695.668	95.779	474.814	864.078	322.672	126.745	253.377	542.699	170.951	521.881	295.346	776.461	803.580	81.299	275.180	766.957	754.407	358.324	248.959	825.551	196.770	739.870	723.688	774.436	438.212	583.120	669.801	161.548	501.815	755.287	873.392	932.214	956.774	474.452	434.548	407.103	744.271	945.718	271.802	53.224	223.551	206.345	79.049	706.265	962.553	754.294	677.438	732.871	666.047	109.953	334.795	220.797	592.998	374.160	49.980	252.907	639.773	773.328
410.063	794.385	427.549	743.283	525.708	924.447	181.887	429.028	423.158	754.876	294.625	504.759	851.158	424.181	428.882	988.680	407.162	982.485	442.648	317.601	857.765	28.453	421.007	58.718	849.126	634.940	437.508	982.689	301.346	593.285	263.038	454.831	279.889	132.079	774.419	277.357	558.137	606.321	563.299	889.467	553.178	284.322	429.358	772.856	52.307	598.063	162.154	533.525	424.547	730.586	209.049	239.244	238.819	217.801	241.544	417.048	743.848	921.088	180.294	936.055	151.193	888.715	905.969	90.869	874.947	158.450	787.172	312.447
799.333	111.499	116.860	706.976	300.584	309.368	268.446	669.016	846.613	94.376	144.094	510.827	179.173	744.023	334.071	52.503	930.182	703.389	854.851	298.903	644.170	370.298	746.008	289.785	240.260	675.646	898.531	470.636	811.670	885.545	605.716	560.103	648.517	87.187	138.323	298.685	869.622	501.365	354.827	848.950	655.448	861.550	575.647	767.808	379.824	238.222	962.059	959.662	622.747	822.142	436.867	767.220	26.829	889.847	531.224	884.133	640.805	699.865	275.141	353.305	482.979	296.720	642.113	475.778	443.272	125.704	577.133	577.226
586.889	913.198	770.513	386.185	543.459	489.206	118.426	725.312	193.380	874.959	678.101	321.078	639.267	67.345	670.676	567.766	971.109	620.796	497.700	808.929	271.865	740.386	551.199	762.870	911.990	840.761	679.925	142.815	34.748	649.657	417.377	969.755	709.861	69.917	431.362	294.866	595.132	949.220	708.395	378.357	973.462	102.279	817.463	398.263	558.435	70.632	236.541	939.759	346.927	352.386	916.407	396.314	652.588	45.253	222.371	979.445	300.578	730.927	874.017	242.943	14.041	919.534	391.792	868.199	521.556	356.298	509.545	594.797
989.346	435.805	768.178	160.387	25.639	315.280	316.206	506.803	499.370	352.423	320.713	591.711	787.696	876.515	182.151	663.524	125.937	584.745	377.461	564.266	742.377	642.968	100.382	467.061	315.084	507.477	238.860	865.334	1.405	195.022	829.657	880.476	362.426	503.677	108.902	748.858	981.418	721.567	621.256	188.945	736.226	263.377	205.024	50.227	837.273	653.536	254.227	800.015	124.632	553.376	272.609	227.733	608.431	763.844	295.862	603.261	65.348	828.623	688.211	758.207	74.941	123.574	279.917	318.899	976.853	895.215	28.791	233.681
955.787	169.025	986.446	618.216	835.473	26.752	715.152	146.222	410.989	58.837	803.492	451.129	506.352	104.490	115.269	167.513	651.974	279.136	272.286	612.849	586.505	447.380	571.385	165.609	737.644	333.266	682.543	167.786	255.258	341.329	901.353	228.502	891.731	976.649	39.012	299.260	875.003	594.473	207.031	381.457	624.043	271.168	0.474	714.519	423.813	824.719	145.970	474.880	697.004	798.617	948.510	268.778	0.607	774.061	699.917	313.634	609.083	161.735	160.985	865.020	317.836	196.053	779.899	935.338	470.705	736.903	182.182	68.224
983.227	876.316	607.511	878.890	697.860	477.515	138.883	627.955	734.051	779.182	630.743	108.388	425.798	884.715	184.243	617.385	361.209	682.775	40.202	165.507	107.782	753.250	909.729	964.957	588.218	321.133	37.313	468.075	902.301	669.114	391.769	607.086	538.420	521.985	88.927	554.240	724.633	541.712	775.507	269.591	686.031	584.445	257.061	66.961	497.293	898.342	460.525	400.061	518.782	588.828	244.944	537.828	837.704	818.930	394.188	779.084	16.106	722.384	28.827	26.937	623.355	42.351	297.590	624.861	398.933	407.241	149.952	750.684
481.532	902.158	689.304	318.417	986.429	32.670	730.187	565.431	917.927	165.855	367.693	667.764	485.412	649.021	764.367	176.007	18.170	789.453	461.562	691.695	867.048	470.305	232.984	766.132	362.255	448.464	838.194	421.730	469.003	687.233	132.003	581.503	165.149	322.767	132.108	947.499	919.559	213.401	958.731	304.412	773.478	782.230	503.757	980.669	618.793	207.266	731.125	800.090	892.309	170.066	125.135	928.658	452.449	896.442	715.982	491.167	169.196	781.661	305.492	558.544	790.403	563.034	714.560	960.028	325.487	85.301	621.829	39.976
611.170	447.396	480.697	268.736	317.009	957.024	130.044	826.856	67.247	158.663	350.655	897.024	537.697	273.152	525.971	403.063	194.752	678.166	500.044	150.277	182.585	848.284	929.173	621.450	701.767	123.371	738.135	528.786	836.466	153.698	315.730	429.275	28.586	63.575	935.410	553.245	164.432	944.615	49.315	315.817	907.799	606.631	267.907	174.509	162.960	208.972	655.215	419.422	937.573	152.263	2.890	713.804	934.578	359.276	634.386	111.078	578.407	166.360	919.955	903.103	196.117	795.873	22.511	4.989	943.060	65.173	609.131	156.574
763.728	305.710	214.192	931.907	207.215	67.412	373.320	306.581	785.843	766.876	558.044	693.748	610.894	453.015	310.683	354.513	625.845	476.863	698.321	116.912	118.756	687.191	147.458	287.122	269.117	487.732	693.562	935.219	981.154	710.584	802.720	358.615	46.400	565.822	723.965	189.944	812.741	40.523	898.813	170.532	869.712	418.772	646.349	805.952	299.124	527.140	150.342	794.413	317.051	150.748	311.676	668.560	507.695	129.451	768.660	409.922	491.320	496.086	237.755	625.954	60.402	38.420	486.070	390.891	958.595	811.108	676.528	848.149
814.768	508.211	904.073	397.197	871.768	211.250	465.749	685.872	389.261	618.259	165.627	934.113	88.931	532.556	802.189	902.989	53.843	194.867	358.674	909.278	101.688	463.702	340.705	680.673	329.833	883.296	773.983	831.561	766.997	184.319	802.019	831.763	263.123	892.780	419.935	348.632	853.542	915.352	525.901	500.385	426.919	730.228	793.239	794.596	828.805	615.520	11.981	338.919	406.952	507.479	351.750	878.891	606.759	174.035	698.108	232.918	212.409	989.530	154.692	466.741	437.174	992.297	943.489	641.537	842.588	459.846	729.957	888.435
958.495	233.022	41.863	201.369	6.585	490.551	214.578	597.281	789.867	231.914	747.030	508.598	320.230	415.152	266.848	383.042	791.807	742.773	369.440	251.428	242.103	878.800	150.126	733.047	976.156	410.644	398.395	957.514	281.985	53.887	568.772	283.038	381.792	977.359	48.591	18.741	460.087	651.236	673.861	498.092	625.669	544.768	207.298	233.693	38.115	760.856	292.633	958.325	461.607	722.017	971.884	484.455	791.646	286.658	650.627	34.095	73.954	216.509	731.887	673.077	575.417	733.035	818.987	617.457	348.023	257.408	512.656	560.378
987.838	981.770	202.600	310.231	947.379	538.060	994.905	237.415	959.076	427.275	603.511	52.058	685.207	253.749	949.553	357.104	962.503	186.458	18.550	637.407	472.463	177.606	950.065	347.542	423.204	397.887	956.255	124.840	740.522	165.024	736.299	857.044	773.403	945.600	428.324	924.507	780.864	991.284	858.772	413.351	775.809	256.338	392.991	868.362	221.573	455.094	619.487	86.882	79.448	820.690	225.994	354.286	255.003	521.925	495.774	120.384	81.004	459.892	930.511	893.812	393.346	715.001	815.264	72.571	644.194	985.486	806.268	866.083
844.097	320.327	268.964	895.718	71.233	154.232	752.363	872.139	610.912	788.196	164.709	192.028	996.746	708.714	948.383	466.771	355.605	987.371	590.839	615.441	561.684	558.303	174.138	442.530	146.284	991.212	830.982	995.574	183.662	367.191	892.618	410.738	878.799	813.551	973.612	342.307	621.550	94.043	752.175	185.411	980.622	132.157	229.383	921.847	166.414	830.236	356.218	591.249	492.264	950.867	396.468	397.742	761.378	4.629	702.767	435.390	442.443	192.196	523.824	495.740	408.133	204.882	549.965	335.784	597.711	976.739	476.011	554.379
604.903	868.579	518.933	862.783	805.906	104.874	613.187	356.634	534.546	942.075	122.343	726.471	451.963	837.077	620.126	120.469	472.598	594.760	840.164	882.092	359.739	416.518	190.716	987.934	142.016	227.421	547.683	596.265	470.631	285.299	425.628	580.396	220.094	708.261	982.019	757.142	753.436	529.291	675.800	677.041	341.275	563.109	617.356	115.297	846.009	715.484	480.147	233.515	613.495	835.438	848.320	942.418	260.178	493.738	137.372	852.501	631.889	111.214	777.425	258.847	971.220	859.901	543.792	946.963	453.228	178.576	394.947	956.244
798.325	117.960	515.161	539.561	721.486	691.432	74.683	133.310	167.119	300.854	83.630	748.763	571.533	716.194	94.372	952.728	989.794	171.038	550.908	386.392	471.414	864.762	839.134	342.766	863.499	136.144	955.590	396.198	822.180	934.667	551.055	472.594	501.626	985.360	503.043	509.864	730.790	163.903	787.076	42.997	45.408	168.685	514.771	261.473	577.773	889.439	125.765	92.998	236.150	119.232	264.249	983.894	652.071	723.598	410.768	165.726	60.383	960.116	850.693	467.382	804.569	695.574	522.196	419.285	536.645	896.114	990.395	11.276
728.640	641.351	903.238	241.365	440.595	810.156	945.346	925.422	286.605	226.480	160.631	341.538	918.365	800.807	850.100	174.955	132.206	311.714	975.202	990.918	432.903	148.573	90.653	881.007	629.540	690.357	110.728	864.942	0.606	571.649	493.140	793.949	862.631	803.336	10.265	804.114	663.396	250.059	669.057	805.657	6.749	761.323	972.340	446.817	696.661	36.994	739.471	45.357	540.779	672.115	229.710	669.443	470.196	252.705	50.478	349.173	994.583	633.024	545.654	811.316	504.869	537.308	349.149	681.078	833.982	264.473	560.836	724.087
842.690	160.248	377.454	869.168	439.839	505.043	69.459	587.023	77.258	927.992	18.491	426.251	284.376	778.195	751.127	211.303	855.591	39.906	288.283	889.615	355.840	795.403	488.120	278.814	117.523	797.698	255.893	423.942	678.273	951.205	682.994	209.071	675.569	920.639	469.810	702.678	352.079	77.312	210.820	151.310	913.052	545.284	398.368	556.997	750.581	181.343	413.988	244.786	792.016	949.209	675.826	115.774	475.699	238.944	180.923	350.447	875.563	485.323	657.188	988.886	953.011	494.856	264.866	391.364	724.274	538.048	874.988	104.715
97.945	353.396	671.450	519.876	731.010	232.490	681.988	258.304	890.838	291.903	605.337	936.663	960.930	230.572	944.927	752.973	427.784	995.902	502.398	588.709	205.625	529.260	69.493	807.910	342.114	921.481	683.017	704.299	177.773	799.050	929.233	530.949	813.672	88.459	316.922	517.971	840.577	877.178	177.777	644.516	395.465	981.710	362.155	359.572	768.609	864.058	57.965	616.531	402.107	309.453	454.079	244.337	939.452	192.268	866.330	99.537	375.432	731.755	814.911	26.017	543.515	558.446	454.559	852.221	661.801	545.172	265.493	767.790
447.205	655.604	492.435	238.917	873.458	916.314	832.743	612.966	168.160	229.761	495.582	971.083	568.326	638.160	659.410	981.598	241.525	685.134	106.083	639.105	614.614	218.287	562.256	883.901	616.022	547.972	848.255	276.559	779.931	799.511	10.269	72.896	281.035	236.851	112.264	504.492	242.710	857.886	896.501	598.974	329.540	429.031	830.384	313.364	493.766	79.380	430.792	558.398	924.034	479.201	106.277	839.731	838.411	867.691	538.110	265.035	27.618	50.462	439.558	700.032	622.285	962.225	201.711	502.764	608.085	201.144	627.846	568.034
428.116	564.568	225.707	156.980	486.956	514.499	538.424	905.424	830.300	924.943	686.470	78.114	330.639	849.265	172.285	408.121	355.137	276.168	815.824	25.094	420.355	811.569	942.740	36.152	250.706	278.491	922.572	36.811	316.276	218.111	6.850	166.521	518.135	412.822	388.647	879.268	270.366	788.627	131.055	935.327	439.199	143.990	822.093	306.814	289.996	320.990	672.714	161.580	234.249	777.490	348.131	883.913	703.054	874.213	714.172	856.152	998.595	428.065	630.503	622.506	131.806	404.276	785.754	239.404	275.345	164.176	809.820	689.479
134.428	716.706	64.009	44.427	301.494	647.465	804.887	647.227	862.492	764.149	816.001	431.385	40.880	548.447	802.365	472.096	29.133	353.814	773.523	935.039	101.465	186.455	286.861	98.683	919.795	246.773	573.592	774.112	736.642	917.253	808.865	75.787	769.635	382.942	353.212	19.481	84.268	72.837	720.551	617.197	473.791	350.115	141.423	589.524	626.825	533.188	275.991	657.565	377.983	761.271	243.030	644.128	495.448	147.202	771.371	577.047	370.635	603.291	5.391	907.371	618.974	317.408	721.465	954.831	682.108	19.138	714.058	318.013
508.628	758.268	788.250	927.303	387.109	564.145	300.670	635.001	772.585	591.896	913.118	422.996	858.488	482.219	361.344	668.264	114.249	809.899	708.665	783.927	573.431	36.705	696.994	390.994	977.785	365.997	800.571	600.490	486.854	746.989	462.907	964.453	184.766	155.836	3.666	776.721	262.543	725.442	827.831	933.498	861.258	233.546	494.968	870.737	746.396	702.014	428.142	831.647	177.948	335.429	409.373	541.646	487.579	821.529	465.468	854.463	42.655	583.269	117.186	355.182	127.752	815.231	301.954	97.182	759.004	260.663	649.272	576.257
531.350	312.989	165.514	647.387	530.277	297.675	144.568	544.608	384.023	892.795	474.595	367.992	260.636	254.631	809.975	205.008	902.532	895.795	257.402	13.779	819.239	789.475	595.678	500.435	4.498	667.488	2.311	644.487	988.819	694.395	3.976	993.703	610.261	813.867	268.822	667.391	257.152	525.077	431.176	617.705	361.220	227.124	36.345	253.795	201.606	3.331	427.884	986.153	697.624	709.225	479.348	955.871	76.645	391.960	757.684	113.141	1.009	304.388	931.408	892.983	290.044	49.190	780.191	613.752	639.227	997.011	295.444	853.482
301.885	253.763	430.687	136.129	582.224	942.168	119.255	59.632	406.386	507.639	884.392	989.429	210.984	639.869	148.409	819.103	860.687	9.679	679.183	325.955	868.396	903.075	924.711	940.492	823.024	524.317	449.512	66.299	863.984	125.673	70.328	542.161	128.576	839.325	223.208	514.372	33.121	178.383	837.112	991.121	609.704	935.181	345.242	11.308	186.754	801.543	290.146	474.275	842.861	525.481	206.911	437.717	449.425	753.955	193.476	626.476	819.788	437.722	834.107	688.079	876.181	877.492	321.462	160.067	600.641	912.876	671.063	185.511
765.226	200.152	127.169	148.038	382.267	86.366	649.192	585.210	414.115	770.163	545.155	219.985	98.911	910.702	350.758	171.387	531.360	548.966	617.611	926.135	694.548	919.337	890.738	94.518	565.791	293.608	536.315	800.762	785.925	478.960	113.601	779.780	276.280	688.411	90.197	967.825	250.136	284.577	286.531	875.332	152.619	1.516	623.016	376.371	102.824	430.318	546.114	893.913	813.146	482.094	950.146	826.769	944.820	319.195	181.319	533.954	377.040	736.046	528.379	840.000	65.221	658.934	260.370	873.266	951.387	950.960	276.378	812.078
552.770	807.625	592.162	390.575	450.177	43.052	375.266	805.036	786.391	994.523	235.344	150.677	268.773	115.294	813.130	533.616	535.707	975.619	9.297	497.682	5.870	397.787	611.691	102.846	729.714	254.824	295.678	822.980	376.046	620.251	905.588	761.618	168.619	614.304	8.944	60.507	837.577	71.416	214.808	64.336	550.253	938.908	910.230	204.405	169.755	847.922	458.065	162.614	126.073	418.522	958.602	867.327	966.657	447.626	179.069	267.906	868.605	426.070	117.097	153.881	207.705	618.478	297.519	330.273	565.862	474.575	691.200	802.009
785.747	68.577	497.974	73.770	841.547	793.343	591.576	401.801	412.438	557.342	551.914	165.991	806.432	462.196	770.171	555.894	934.189	631.716	956.845	787.004	829.447	326.142	112.814	776.115	168.582	982.530	19.472	875.621	177.869	429.795	552.123	509.672	109.395	228.199	596.880	204.307	129.622	165.222	328.100	382.722	236.071	470.372	947.085	825.275	764.158	718.741	400.554	687.698	852.600	637.428	524.251	845.678	106.448	392.126	98.371	981.703	564.450	462.902	407.314	709.295	920.649	451.222	145.106	966.314	961.475	875.624	646.723	394.761
614.967	791.975	726.137	933.992	769.292	833.243	820.962	346.644	619.655	490.072	578.216	130.934	432.014	463.726	43.475	523.145	13.161	679.984	913.803	11.440	781.259	225.061	319.337	405.744	827.570	470.330	711.347	683.674	233.521	220.783	752.998	268.399	301.610	843.157	841.855	356.747	739.293	521.191	137.734	429.686	556.668	780.534	764.253	724.531	798.811	848.432	253.462	959.418	774.488	201.741	418.687	871.738	908.894	941.823	133.232	854.802	575.545	471.480	876.578	114.074	379.664	547.514	586.478	147.379	81.022	11.677	900.699	296.801
975.097	300.049	516.337	483.073	957.102	646.846	470.461	111.504	530.475	504.285	730.749	708.560	559.412	957.529	441.562	145.401	774.092	528.944	149.673	88.208	278.838	484.342	604.616	618.057	258.473	43.333	501.820	395.206	230.675	654.827	245.901	432.802	838.592	750.642	768.123	636.383	800.842	140.702	18.715	31.297	17.154	251.233	882.902	185.841	578.400	273.018	613.663	984.138	518.526	147.839	933.703	366.133	831.811	610.202	904.256	400.057	150.452	302.763	294.107	503.607	10.049	349.257	152.555	453.306	307.645	450.994	843.190	579.834
431.391	159.920	498.330	468.912	562.635	604.247	680.987	629.280	327.507	744.150	228.811	154.117	130.794	800.311	964.703	590.309	891.536	483.476	410.248	362.100	29.480	642.491	824.464	604.434	25.299	717.162	4.238	174.034	939.807	26.230	486.366	873.085	545.342	778.601	319.506	991.819	616.470	304.242	576.970	624.469	106.286	282.384	914.628	613.013	214.513	383.207	668.965	719.675	812.887	662.479	436.681	245.630	957.802	465.529	754.579	745.042	916.437	419.214	538.677	924.897	168.768	446.601	757.408	372.881	66.340	273.587	587.409	381.907
762.967	986.493	659.200	429.923	323.901	758.247	629.313	998.042	481.099	964.270	170.050	349.586	297.711	156.869	581.413	97.762	455.229	291.643	946.814	975.709	87.773	456.615	317.911	896.186	490.992	714.936	70.787	659.119	520.435	707.697	684.929	99.023	536.937	1.041	430.750	349.738	446.795	537.242	585.295	107.653	381.399	20.623	576.190	153.965	903.631	418.812	82.296	776.079	239.184	515.290	397.819	680.480	700.792	681.712	161.675	250.023	622.233	549.215	516.017	331.132	102.495	643.481	856.910	388.944	77.545	572.685	617.476	35.099
274.078	829.950	281.518	4.787	710.133	654.830	88.850	114.701	603.188	280.048	351.528	223.053	696.994	302.961	231.653	805.673	458.835	912.435	763.312	87.104	885.460	358.511	969.940	832.598	737.150	51.209	940.026	856.062	738.480	288.719	231.400	965.456	421.832	165.005	112.371	543.490	750.641	916.465	622.918	665.176	956.520	506.296	653.280	475.433	585.043	211.495	719.685	173.375	794.971	423.363	377.848	538.183	54.541	680.424	40.489	884.300	753.329	958.134	511.950	543.670	496.343	420.876	733.436	859.918	123.534	171.417	238.068	771.792
24.316	32.320	363.845	166.767	471.245	988.643	697.537	326.838	627.195	840.655	673.460	38.842	205.419	462.059	342.327	626.009	442.411	593.997	320.915	307.856	816.051	33.999	712.796	903.193	280.775	647.511	820.867	304.326	83.932	205.681	180.909	606.366	312.600	833.166	521.221	167.861	430.507	369.844	231.057	561.978	179.999	5.160	215.460	97.462	789.025	454.745	69.970	185.514	769.580	889.026	645.176	798.571	752.709	4.148	446.249	762.223	978.310	401.896	261.342	453.869	872.425	385.726	665.389	583.817	620.728	695.540	866.094	754.003
599.726	126.676	931.407	716.609	289.404	736.611	561.611	253.262	573.498	345.406	827.532	608.690	370.609	874.863	994.801	965.373	763.357	915.089	334.732	884.103	732.661	63.013	752.022	52.453	982.010	727.498	806.135	650.207	690.422	254.038	36.894	35.764	172.638	399.381	814.201	192.264	640.996	247.565	587.190	361.847	257.679	401.285	730.212	68.815	464.318	163.903	270.382	397.836	875.962	680.784	245.300	182.476	679.839	470.933	996.316	81.690	205.846	691.041	412.973	387.527	448.026	915.803	427.301	345.866	866.290	123.388	325.693	633.807
704.927	862.921	709.168	655.297	394.070	160.051	721.607	810.699	380.849	301.816	712.529	189.914	623.514	148.670	547.679	573.646	869.414	474.260	437.906	78.248	299.083	774.477	901.635	234.093	359.337	533.406	604.767	374.443	832.004	878.220	713.995	450.054	505.012	931.761	211.677	714.512	584.749	617.170	852.457	165.436	14.788	154.909	50.834	199.271	499.170	901.089	398.095	671.580	702.378	844.398	227.588	77.184	789.251	905.986	739.627	904.220	583.572	539.995	595.850	151.617	465.476	998.528	761.521	815.208	268.442	388.101	304.076	489.462
348.210	398.425	372.835	975.732	131.976	550.068	738.240	861.275	515.856	965.084	529.012	824.674	779.817	906.084	944.192	873.197	248.059	605.736	166.075	331.036	535.154	409.726	303.470	335.126	138.691	105.732	27.788	605.705	615.322	119.246	42.562	311.742	339.488	801.853	627.380	520.835	182.699	772.152	917.995	854.701	44.392	137.645	236.495	642.275	456.653	727.726	598.612	89.644	840.687	521.635	852.217	190.931	666.566	424.197	374.868	210.102	327.708	355.756	734.092	728.345	462.173	475.350	40.182	626.948	19.006	208.723	388.225	897.023
457.108	918.848	137.384	640.895	871.046	327.801	735.815	656.429	604.785	322.391	65.330	504.089	332.666	623.418	712.317	35.565	306.569	101.581	724.223	261.830	892.885	922.834	632.786	745.719	696.075	539.135	667.574	948.973	677.024	717.013	549.615	89.691	10.159	803.356	78.304	554.637	374.414	769.127	558.481	814.837	515.393	24.645	587.426	80.758	233.458	560.836	977.522	104.739	183.978	132.651	614.564	543.656	917.474	356.207	259.682	882.577	28.728	978.795	798.808	38.025	757.092	115.254	635.061	70.191	510.269	312.228	781.429	329.935
781.751	478.554	627.025	176.825	931.120	978.228	833.288	72.716	570.060	531.944	24.337	535.658	25.395	484.896	291.566	653.665	147.131	284.917	270.394	453.386	59.735	90.081	901.517	801.695	604.651	573.763	32.111	424.858	491.529	6.540	871.474	249.391	160.266	934.967	59.288	434.247	820.253	138.364	803.667	74.410	98.336	206.012	904.255	108.769	143.862	849.557	568.092	530.272	159.685	356.449	473.709	495.870	992.441	337.690	112.880	449.795	660.143	787.707	33.967	489.372	445.550	267.778	861.673	113.288	792.237	877.281	614.803	653.212
535.170	114.268	609.098	73.557	765.867	56.595	922.127	190.732	696.277	572.839	219.658	622.998	620.809	850.200	699.522	39.229	153.551	593.482	526.044	790.282	284.622	932.481	549.539	202.810	334.694	293.819	87.197	766.618	624.164	449.025	752.379	717.962	343.507	854.422	819.722	131.863	385.373	694.108	185.066	937.206	359.910	741.112	978.793	416.246	475.125	384.366	538.508	59.347	865.808	188.169	468.162	330.293	48.644	680.251	289.177	602.636	677.891	895.999	681.973	573.438	232.720	473.105	577.499	434.211	676.045	928.245	132.418	567.111
749.783	985.120	453.105	494.768	185.361	439.010	199.953	805.940	742.025	333.032	125.331	56.723	611.796	257.903	857.121	384.187	646.791	697.716	309.471	883.419	159.504	384.466	553.333	261.018	935.135	319.538	424.359	373.884	660.564	129.187	475.570	101.628	105.759	780.156	222.278	595.637	304.576	40.265	53.720	655.874	842.066	947.927	997.563	839.959	150.856	356.880	543.406	120.222	857.511	49.378	942.428	646.655	338.158	242.313	464.508	172.103	380.249	277.245	856.271	971.146	96.034	446.285	727.798	440.397	195.953	53.447	238.811	910.358
964.564	340.618	33.979	875.421	17.047	720.702	537.222	284.972	197.810	702.149	73.395	819.488	121.241	265.529	342.583	599.324	712.277	392.319	133.167	9.356	183.357	899.335	641.069	904.558	501.983	115.058	477.495	237.745	631.147	642.131	663.839	727.349	794.296	110.725	83.609	2.190	841.016	443.477	197.384	976.810	517.857	590.888	946.103	386.225	404.837	218.619	402.949	216.034	967.594	113.278	643.402	118.846	937.994	777.438	427.635	245.271	896.132	400.953	409.425	275.482	913.692	541.216	819.203	856.570	799.332	858.680	865.155	429.856
53.499	127.310	794.756	232.736	312.194	39.661	907.710	461.845	854.130	903.980	564.031	136.109	619.302	949.630	347.626	757.872	533.987	324.821	277.712	923.173	411.483	68.598	417.161	801.856	563.540	2.213	58.710	771.232	113.074	13.039	651.736	87.991	894.225	529.488	566.093	780.011	475.313	985.807	434.633	548.075	431.483	206.966	655.520	622.058	334.518	925.835	187.381	375.826	746.330	864.028	283.108	504.124	659.204	353.008	95.051	226.159	436.312	316.944	849.763	497.674	588.054	449.585	395.274	8.470	362.392	393.125	709.332	937.261
737.888	595.006	200.875	205.849	932.865	158.316	434.212	103.934	132.483	365.901	620.215	863.728	485.559	978.846	785.882	528.980	502.459	744.230	109.988	288.504	371.664	616.624	192.212	843.870	156.790	931.716	776.439	650.756	129.052	209.040	211.650	83.646	732.956	251.034	700.457	784.968	511.668	939.826	927.054	155.477	834.406	952.378	7.476	706.365	743.490	772.393	57.562	751.582	22.056	636.694	392.941	910.441	127.134	543.898	94.137	865.431	409.205	669.187	423.415	982.046	497.216	763.859	918.767	880.797	497.710	425.775	786.789	933.916
734.838	101.172	182.002	474.021	624.106	950.989	778.500	72.598	810.058	44.996	800.749	944.226	592.206	89.061	290.404	902.053	990.005	267.286	838.425	970.187	686.124	11.257	138.619	624.883	93.027	977.308	509.067	185.884	68.401	943.172	361.477	557.653	806.282	115.734	455.386	742.083	427.820	635.955	29.180	302.533	168.073	405.821	171.216	851.346	868.892	701.948	846.706	341.241	170.639	39.130	866.211	36.912	581.730	948.323	299.466	580.458	385.875	883.229	637.030	724.644	154.103	251.768	555.311	474.504	252.374	596.039	987.535	785.418
678.435	609.438	29.920	786.316	88.659	668.488	138.300	42.978	451.762	514.750	740.577	477.321	979.004	367.135	506.139	628.460	914.647	540.574	476.678	579.815	668.969	48.861	293.319	866.354	334.227	892.612	441.594	98.913	83.335	321.302	595.006	576.774	46.379	146.378	602.503	539.308	199.186	926.295	422.488	346.900	894.516	986.967	603.448	556.582	644.045	903.628	52.744	921.997	366.061	494.269	625.836	414.043	16.296	864.880	722.328	540.704	872.992	46.817	668.694	632.437	551.360	572.970	293.136	884.950	622.532	219.240	820.059	583.055
575.130	351.461	642.433	975.877	528.878	603.809	815.275	510.240	766.898	733.884	351.910	235.688	92.968	903.122	136.928	679.748	640.035	312.635	707.323	579.836	437.430	185.632	300.836	632.474	158.569	770.770	413.076	768.314	843.488	834.587	997.500	76.156	144.969	324.996	952.881	197.513	850.467	528.974	943.371	411.109	235.672	543.927	60.674	567.172	775.723	331.185	155.113	818.656	226.675	27.733	604.665	170.533	721.226	865.517	259.292	341.222	97.729	705.506	366.245	151.900	769.006	637.209	203.707	304.585	334.467	899.840	170.198	822.484
795.315	839.774	417.905	182.535	413.832	109.196	759.070	191.130	917.693	139.138	654.180	228.887	446.336	434.682	334.222	115.406	3.189	704.973	941.275	130.122	765.663	179.044	70.441	624.876	2.343	685.754	582.110	923.722	834.660	427.600	584.227	209.722	612.313	979.523	592.459	144.465	519.030	368.833	787.053	737.718	938.538	366.073	540.849	769.626	25.785	861.934	165.165	532.463	961.812	473.035	335.787	45.646	758.165	214.280	695.383	489.674	544.265	207.437	724.411	886.872	722.711	546.850	906.181	840.753	513.477	738.736	492.546	881.493
745.499	199.421	807.600	439.267	368.026	440.811	546.293	98.205	363.613	792.660	728.836	282.822	76.849	936.337	566.542	2.317	534.233	665.904	153.703	721.361	30.360	917.828	125.080	637.707	240.717	40.006	606.484	633.186	938.417	743.928	30.257	175.906	418.393	816.041	244.661	987.982	104.051	308.898	973.989	933.809	377.575	961.407	374.601	507.038	445.211	913.357	844.994	114.247	874.731	263.380	563.995	856.565	95.888	502.017	978.089	618.345	805.311	573.061	596.553	309.620	555.726	717.874	506.576	289.679	411.062	990.867	728.580	89.742
918.042	651.084	978.543	110.089	128.381	992.247	611.918	655.105	121.678	238.789	495.513	816.257	986.510	796.294	186.451	309.810	124.674	955.806	702.503	476.491	904.325	825.356	88.542	899.633	47.273	555.754	734.400	474.466	754.597	596.787	448.339	825.532	735.777	766.335	780.389	52.763	923.262	328.242	657.134	739.139	359.346	99.359	7.079	800.294	367.306	238.396	257.209	287.678	522.120	957.716	63.110	218.474	461.539	637.711	421.582	309.139	548.333	701.474	255.358	417.426	495.431	382.591	155.143	676.164	732.088	391.353	468.197	261.791
860.098	52.670	244.056	23.929	864.244	226.454	235.988	713.973	207.619	906.969	566.514	4.960	818.477	185.132	454.563	66.733	96.031	456.030	591.928	724.119	205.080	631.078	606.065	749.563	17.472	390.063	398.192	155.408	723.363	143.967	439.136	173.266	705.298	631.337	154.961	293.502	481.942	445.336	795.247	397.559	390.786	491.194	571.240	536.554	330.782	570.197	929.652	834.668	419.513	927.593	954.488	348.869	484.882	686.194	389.139	541.389	645.595	768.925	228.063	102.728	783.260	336.113	358.997	642.213	160.973	772.232	878.282	261.459
132.302	815.557	688.201	12.647	422.700	304.096	856.619	483.657	534.943	357.148	847.063	336.831	211.527	85.996	997.314	203.899	644.935	381.496	538.620	926.013	447.120	875.651	777.561	39.179	227.655	594.420	931.695	761.176	583.063	174.563	471.067	719.449	244.506	10.704	175.035	946.060	822.897	57.342	260.735	730.228	988.160	254.196	252.780	787.828	479.582	684.535	824.537	669.814	966.654	926.734	131.289	502.767	176.258	811.735	837.339	141.237	334.031	207.479	732.543	410.181	732.184	25.100	489.348	886.124	963.823	183.482	69.258	14.506
412.430	267.072	73.453	605.721	277.103	58.679	730.573	187.701	210.329	281.543	566.652	550.635	357.298	266.148	490.982	503.598	545.476	858.245	139.921	269.295	887.716	390.506	820.294	126.288	138.125	756.885	969.535	348.318	875.597	795.019	786.272	32.564	972.630	20.712	606.977	911.358	417.820	355.167	10.337	325.379	262.437	635.971	168.031	860.874	633.749	156.810	704.249	316.644	971.963	542.972	803.405	369.865	18.317	988.658	254.215	525.786	720.714	540.727	393.888	85.175	713.952	537.182	603.287	201.120	482.481	754.256	410.960	52.060
608.079	788.056	317.360	568.515	322.122	709.332	370.326	691.285	487.494	748.549	940.151	265.845	885.633	112.598	173.373	662.459	996.087	682.880	39.062	994.018	620.130	719.148	889.344	775.906	641.123	44.990	320.844	878.555	707.666	983.182	248.786	276.405	799.343	224.515	763.311	593.575	957.179	892.366	370.256	727.653	144.540	693.803	916.892	12.700	298.489	312.027	857.582	337.174	710.441	677.718	606.458	105.009	109.246	775.200	929.933	169.157	528.195	583.491	791.264	892.263	456.420	436.773	530.832	178.800	611.656	516.524	453.158	854.787
753.422	168.719	189.922	57.655	536.454	104.004	816.887	144.923	91.449	987.620	47.063	667.904	620.639	534.054	445.512	176.589	870.279	231.838	100.845	618.408	511.961	503.637	477.829	648.873	225.799	362.835	504.190	962.283	913.035	336.091	165.293	294.129	780.811	683.866	492.422	453.922	225.724	741.324	232.101	669.284	916.571	849.587	103.503	343.079	23.521	329.945	691.862	264.465	51.480	74.022	37.590	551.070	997.295	632.645	976.940	201.253	215.445	747.288	59.010	892.028	48.040	227.867	635.723	894.701	484.638	160.503	14.215	529.948
364.447	293.702	214.565	209.413	194.930	547.302	322.425	323.639	179.476	302.688	150.735	938.789	476.965	520.457	940.795	328.762	71.347	721.249	176.534	989.028	755.632	42.574	342.897	282.461	767.824	240.789	899.410	535.578	527.562	98.610	106.383	376.630	705.665	352.521	917.837	902.584	182.764	698.763	589.158	486.998	903.158	483.847	924.166	941.530	471.123	666.742	853.962	302.214	163.022	217.302	962.015	175.569	711.095	658.308	413.166	431.026	300.496	655.030	558.881	530.290	118.060	497.184	608.604	625.356	522.670	333.438	963.105	407.719
457.708	41.299	182.630	780.880	971.072	804.363	232.507	825.719	895.087	791.726	530.972	843.851	765.281	69.438	600.125	841.312	266.340	393.787	118.032	843.697	86.017	588.208	730.687	312.823	874.973	214.675	366.899	416.529	818.717	294.559	164.993	365.180	766.983	5.398	995.777	214.267	80.690	559.603	85.084	827.490	90.410	329.889	484.401	556.795	994.173	861.821	705.977	478.446	740.553	521.971	179.169	591.317	519.019	615.848	93.459	130.703	303.250	650.547	827.682	134.431	694.795	218.346	928.115	154.234	346.345	555.156	315.182	693.738
765.830	495.423	347.558	519.965	206.559	606.740	307.907	197.270	908.322	359.851	924.424	579.975	188.610	589.459	574.492	419.265	485.985	491.776	135.258	125.948	578.361	499.110	978.404	950.365	203.218	638.468	80.921	747.326	204.865	744.860	908.860	528.148	364.435	801.397	330.567	19.936	111.346	212.655	523.077	739.197	920.688	184.040	446.999	911.365	486.007	765.722	219.343	869.948	338.956	855.583	714.009	415.176	849.923	32.678	343.383	547.769	472.827	782.785	440.106	125.220	365.103	219.359	30.251	799.006	275.860	222.648	200.534	404.082
659.953	379.930	262.350	312.986	904.345	88.482	14.481	711.054	323.588	413.643	774.234	533.673	116.864	206.710	195.926	826.729	232.635	356.118	595.631	836.205	954.354	300.431	479.433	215.662	378.897	887.962	174.070	748.258	442.781	476.996	684.331	172.505	29.886	374.459	402.524	921.338	639.655	479.694	358.932	217.945	387.471	201.651	822.522	996.971	902.883	492.810	305.166	652.282	624.342	921.924	33.922	265.972	362.872	402.514	430.639	497.719	425.410	657.912	67.947	445.997	328.380	206.367	655.109	55.651	651.423	823.962	528.401	802.306
854.859	38.956	885.440	231.562	368.024	149.973	644.285	947.088	789.931	483.537	143.919	281.471	635.617	381.125	900.435	931.738	816.403	240.557	876.565	826.103	422.517	153.207	171.834	408.649	828.439	94.329	664.680	359.673	389.157	652.668	416.677	932.174	704.031	580.000	913.557	581.301	15.611	508.140	114.658	381.572	717.702	8.651	157.860	67.767	759.894	684.989	557.069	631.952	651.466	481.919	797.464	139.274	79.828	708.111	257.480	990.097	926.504	845.106	328.211	466.397	52.697	564.462	52.479	169.861	395.476	746.557	0.029	241.558
614.968	589.919	32.076	727.495	515.924	698.906	845.234	693.526	493.684	120.628	645.883	781.112	119.830	42.185	550.213	313.044	568.636	468.325	730.348	415.876	227.438	885.529	609.003	742.203	481.711	671.598	709.128	158.797	29.807	588.313	489.332	288.187	470.093	700.087	37.109	382.096	354.531	966.850	762.139	86.462	591.775	267.664	162.649	726.549	186.721	202.547	809.410	249.137	571.517	293.031	382.944	142.557	634.041	766.259	804.105	966.831	503.336	29.833	257.663	40.289	252.529	360.931	61.237	51.539	298.930	495.810	942.424	74.052
610.427	396.901	43.852	838.452	453.005	6.781	544.242	789.340	543.947	168.412	283.358	634.178	162.270	573.664	888.280	938.370	527.947	828.327	467.807	771.733	180.974	259.007	231.460	532.417	97.826	959.102	596.485	219.908	700.929	432.308	414.722	478.184	440.381	137.905	66.863	442.509	149.045	424.440	362.987	334.951	803.971	990.350	123.663	503.491	734.054	993.728	928.019	335.775	216.191	403.338	743.548	149.314	345.429	921.145	329.670	652.059	756.870	109.722	951.132	720.197	217.705	852.347	455.822	470.531	230.022	1.467	464.566	56.578
412.650	476.738	324.270	281.253	519.530	485.064	905.955	432.437	847.777	689.813	27.173	650.753	682.640	204.271	296.367	858.612	71.061	203.375	374.373	239.779	606.616	509.271	360.778	364.727	406.361	883.299	238.940	468.378	127.476	455.973	672.881	687.908	921.334	644.225	342.371	378.491	95.017	306.393	926.702	309.504	471.133	771.361	486.825	260.764	529.494	183.979	172.555	306.239	345.370	900.730	595.799	726.442	600.809	366.559	683.962	486.847	704.001	218.645	816.092	212.262	205.552	325.883	909.743	612.810	750.620	767.953	451.209	827.989
278.240	360.076	877.486	365.629	738.116	474.637	433.088	556.762	704.420	994.850	859.746	183.307	656.417	189.569	889.888	801.331	632.829	706.000	257.373	504.107	608.632	970.556	368.075	376.167	672.232	373.556	371.011	662.249	20.147	950.875	733.154	651.572	860.567	835.693	842.911	926.226	887.525	216.716	419.035	746.598	850.431	908.930	791.980	67.543	3.664	810.790	284.764	782.229	824.288	583.126	124.184	659.887	772.613	908.908	338.374	284.875	417.506	326.440	791.684	954.789	741.578	587.690	263.432	706.255	780.777	775.671	769.007	584.239
435.643	146.928	259.380	442.837	430.272	9.976	389.436	991.964	20.142	635.284	285.314	952.604	726.567	785.746	809.846	421.903	565.365	440.844	455.043	206.474	245.883	655.533	918.639	595.651	304.494	809.435	362.346	597.235	813.643	956.688	912.761	869.315	384.924	220.472	423.516	474.094	420.454	230.546	830.617	621.155	598.508	45.719	453.912	327.732	195.109	690.824	836.553	935.062	310.457	472.873	115.312	568.873	671.712	58.757	336.054	6.113	916.443	532.576	725.631	970.107	397.548	149.514	601.453	481.458	525.383	392.364	345.156	549.862
714.091	25.996	134.243	149.481	47.190	754.047	750.866	974.941	74.971	495.917	762.651	271.092	39.363	113.558	673.001	571.868	908.397	838.840	693.324	600.606	738.802	326.087	314.281	464.793	936.219	439.279	476.400	888.910	235.146	794.179	226.577	68.550	781.568	400.089	337.056	844.729	49.858	773.157	533.494	666.797	204.278	411.389	269.806	422.349	626.661	760.443	318.079	851.254	780.056	989.492	152.476	348.861	762.364	722.243	95.525	467.311	353.980	794.847	93.936	707.471	498.335	209.470	334.441	113.337	796.080	714.755	943.742	427.937
832.046	653.486	471.278	139.805	450.136	666.942	892.652	588.311	38.960	778.928	591.244	916.225	202.901	716.359	497.717	666.989	101.853	49.462	779.584	849.894	104.730	596.535	795.140	335.347	281.705	150.030	181.447	449.144	818.680	194.460	446.695	430.213	46.064	82.912	776.888	195.060	949.613	896.807	232.133	971.107	83.815	390.947	472.325	178.627	154.767	218.923	678.782	630.401	163.197	335.176	836.790	425.354	794.059	677.178	835.003	54.226	190.222	827.328	622.285	765.596	222.975	367.425	168.117	316.397	959.700	724.845	944.455	93.302
917.371	831.277	501.528	666.310	13.616	630.740	696.552	286.509	904.423	852.503	959.799	674.472	174.951	211.063	471.446	726.056	389.842	899.631	784.177	190.754	872.887	477.121	460.579	193.073	615.541	164.994	506.838	195.861	936.141	604.677	208.384	39.563	638.961	781.712	577.052	804.982	423.600	538.353	710.185	640.393	754.245	478.845	58.970	471.976	477.331	793.422	37.935	545.665	334.126	503.520	741.517	200.602	678.184	475.816	514.723	73.546	586.577	557.736	396.629	802.199	436.954	629.697	159.346	95.053	838.488	165.410	991.103	567.238
576.076	69.050	78.458	982.836	505.554	168.608	0.815	746.274	23.745	815.929	969.283	316.159	533.203	917.691	603.266	817.031	970.235	57.531	155.570	412.672	490.082	361.037	764.538	311.664	694.258	733.872	982.751	59.479	945.314	301.702	802.258	118.192	330.808	615.846	121.078	162.204	719.883	552.112	118.050	905.340	54.825	942.791	737.686	860.743	248.226	627.645	236.550	407.762	839.181	856.441	530.221	332.243	872.429	163.733	704.226	97.026	120.966	88.552	225.865	304.463	932.028	686.060	720.355	645.747	372.859	975.719	933.571	981.870
288.245	365.837	567.625	628.024	179.651	613.136	917.841	254.849	76.811	113.961	408.064	984.555	687.063	461.052	104.520	56.296	815.980	92.385	501.106	783.616	141.032	756.680	440.985	665.806	77.089	311.319	408.774	971.589	109.627	749.327	281.379	609.856	843.462	534.283	879.878	221.531	401.718	976.928	273.372	398.601	49.555	855.169	484.523	655.441	498.101	418.022	589.120	995.358	496.180	515.084	536.654	240.086	852.102	301.875	987.384	246.486	692.485	405.397	3.661	413.472	550.070	106.630	709.915	603.822	143.540	681.902	552.209	970.932
156.378	587.371	211.781	778.798	289.271	671.618	696.763	465.352	205.584	752.563	465.068	855.770	339.053	109.978	647.051	929.185	976.637	164.537	436.492	341.407	21.650	448.793	490.208	839.817	806.201	554.507	775.334	211.146	400.846	161.961	214.755	884.274	384.931	844.303	741.683	227.938	714.787	781.971	110.205	481.564	91.411	494.173	678.809	57.914	507.725	102.252	795.612	73.539	287.163	27.689	453.692	17.131	799.053	157.906	381.057	475.488	280.447	746.242	653.995	451.310	7.578	136.581	380.174	124.173	493.823	922.371	811.755	125.769
809.521	485.208	484.190	759.598	970.123	427.409	180.282	540.713	782.857	697.652	696.412	699.993	740.357	520.546	251.914	477.791	312.485	211.482	733.071	475.651	215.403	915.936	294.868	457.437	40.486	524.879	729.810	38.389	347.832	371.007	670.854	245.518	259.792	540.242	219.248	751.829	476.445	358.867	707.757	426.696	23.718	811.425	738.939	687.564	689.762	900.097	960.190	118.462	398.388	564.548	699.132	724.964	920.520	598.143	342.312	679.551	563.113	181.260	509.658	982.436	336.908	789.003	466.286	355.270	748.423	181.917	801.207	354.507
738.959	611.898	876.200	98.344	235.522	949.912	801.263	710.499	695.520	965.910	121.561	726.316	225.121	775.030	445.674	108.056	602.824	100.907	287.402	207.777	270.903	191.530	527.210	675.999	487.388	671.599	690.750	518.662	911.568	90.032	724.054	586.164	311.632	131.926	176.770	416.485	136.274	468.241	188.377	213.436	225.519	915.740	517.913	782.787	881.371	18.548	649.658	867.688	952.266	751.512	414.289	575.325	733.597	625.095	231.722	187.464	657.131	979.411	417.360	517.059	99.972	706.118	468.394	591.433	146.921	166.024	861.001	81.341
644.945	797.503	17.009	481.056	522.685	334.839	349.463	513.658	283.677	525.445	254.448	873.096	696.736	164.126	226.744	922.999	664.486	166.911	150.115	561.631	271.446	409.110	940.464	121.174	737.611	735.865	58.109	621.620	35.063	122.631	906.886	124.983	214.362	831.691	933.926	571.950	617.538	219.056	859.626	9.020	518.121	827.747	322.124	369.885	719.933	369.613	609.014	526.518	876.701	665.196	181.802	33.721	433.779	455.196	638.853	762.616	142.824	502.865	586.642	813.577	510.671	712.996	98.292	28.075	510.447	38.164	698.005	400.569
186.039	729.731	329.070	571.560	459.196	106.133	165.597	273.561	840.860	749.382	421.536	248.305	128.566	17.364	876.961	184.024	37.192	994.291	981.804	185.742	344.692	24.651	229.518	63.000	351.142	500.675	503.336	456.278	872.862	128.831	11.709	554.480	163.998	962.021	695.453	980.848	347.663	390.837	388.546	874.442	944.457	441.776	344.873	752.505	947.103	931.094	311.748	392.389	637.785	381.947	118.160	824.306	872.091	292.394	327.968	20.314	638.758	346.278	154.601	122.537	313.524	48.466	950.136	480.496	958.895	292.401	878.930	315.831
246.820	785.247	13.697	547.325	98.273	141.737	971.478	220.786	739.122	268.519	964.203	998.523	341.751	288.514	823.893	367.207	101.654	979.928	782.883	100.775	92.220	422.692	79.203	152.653	287.861	358.536	922.513	885.959	423.842	453.849	579.657	61.009	514.243	482.529	191.393	368.431	762.662	185.006	94.067	235.286	741.153	383.304	659.933	457.178	180.451	303.935	968.691	151.803	855.325	447.149	270.375	828.963	228.403	539.038	388.746	397.233	143.278	282.307	308.140	671.626	406.305	119.257	950.267	608.765	364.068	897.160	153.448	716.433
791.590	58.917	447.869	78.637	264.430	648.653	494.787	57.106	52.059	932.582	333.010	152.162	331.244	85.677	170.037	528.033	976.693	853.847	680.478	847.815	108.908	701.953	320.228	492.848	942.363	243.859	286.911	73.673	903.313	849.828	734.815	471.336	922.066	769.907	501.350	282.070	907.677	346.424	127.447	782.134	613.609	862.811	873.909	247.326	539.830	173.014	631.084	497.871	364.763	720.396	409.990	806.952	929.207	766.724	401.958	916.539	5.492	868.222	277.216	2.763	617.574	806.839	738.252	80.986	770.826	109.283	8.667	416.034
741.679	602.869	395.902	709.663	229.160	561.106	729.101	632.944	252.722	725.031	733.400	31.441	734.092	121.431	248.403	683.555	287.297	736.291	709.521	881.976	934.847	970.155	910.515	637.815	721.657	644.785	883.971	353.469	736.584	731.147	411.387	667.003	557.857	86.696	870.222	20.020	336.123	564.399	24.376	818.226	314.713	198.673	961.661	704.165	737.114	297.604	967.386	757.065	476.569	26.579	588.190	264.707	370.668	322.026	309.737	179.513	129.825	754.656	758.996	374.342	212.867	809.314	572.760	919.387	385.359	905.057	971.743	89.122
420.480	354.994	283.058	259.791	855.373	715.974	373.325	877.336	467.670	582.411	196.794	344.651	285.748	574.971	572.636	582.703	422.442	655.898	410.036	699.013	485.886	631.008	366.761	117.574	77.913	369.874	580.704	579.022	242.639	414.529	58.542	4.436	184.789	901.970	237.395	739.225	325.428	380.161	476.145	708.511	920.541	321.680	548.369	298.370	928.991	409.870	348.754	533.882	3.717	134.845	676.592	989.287	620.445	53.751	75.482	553.257	870.488	678.904	622.720	139.796	421.151	280.311	389.404	591.116	41.982	476.240	129.428	281.313
457.566	987.752	389.426	964.357	48.881	136.348	596.581	111.813	610.109	904.109	575.324	760.813	45.155	805.426	127.675	450.972	52.578	439.104	746.030	759.762	625.926	24.577	200.787	634.993	737.626	371.232	53.646	196.832	391.496	396.866	594.633	692.838	985.012	880.108	137.971	701.621	796.211	925.083	289.795	550.139	600.737	703.314	394.253	802.165	726.849	459.156	897.138	752.639	688.355	345.755	48.016	887.698	476.143	450.207	535.375	902.675	790.810	941.649	358.330	901.403	624.779	420.716	340.249	728.308	710.348	705.020	547.935	179.305
972.334	799.103	405.140	546.983	846.832	201.106	750.323	323.923	400.124	508.465	268.822	416.548	988.908	754.343	150.665	549.881	763.976	746.277	78.415	62.834	341.697	33.058	633.728	767.623	781.714	349.195	717.059	882.397	881.343	539.671	709.672	239.539	587.962	352.606	439.678	206.086	880.086	410.252	329.696	415.550	722.381	289.201	786.826	942.727	35.350	733.232	71.553	655.888	662.182	576.243	500.859	500.887	771.121	883.565	72.300	73.362	562.536	306.174	44.590	192.502	197.437	956.842	569.774	108.211	384.369	724.006	136.526	534.193
765.123	174.459	137.162	957.400	351.742	868.944	1.172	98.947	16.084	914.402	208.566	238.594	316.667	278.438	222.152	77.833	732.429	416.722	284.004	249.448	218.299	391.877	433.700	918.711	977.446	981.754	956.919	153.617	690.936	549.609	664.740	381.867	983.789	490.474	326.104	457.892	295.050	593.314	61.190	790.997	444.665	661.121	187.397	607.820	752.888	884.820	736.966	920.058	409.635	79.885	832.551	120.127	331.314	91.507	851.802	886.270	133.669	898.643	591.484	505.850	236.142	328.994	213.094	154.157	621.820	729.418	404.441	827.526
426.878	645.841	381.198	28.220	151.885	944.700	235.573	977.787	475.916	106.107	131.749	575.943	201.625	840.123	583.685	110.625	416.840	186.629	127.685	83.320	679.447	867.926	959.510	771.450	279.804	758.057	553.124	992.383	559.736	268.998	488.699	159.269	323.791	339.680	851.017	108.846	502.145	441.654	662.984	950.644	793.279	995.662	948.045	225.014	685.444	839.179	964.655	141.857	31.595	996.422	43.877	827.301	485.982	973.991	630.402	60.449	816.609	745.869	160.329	208.183	138.984	138.199	167.088	819.678	303.620	898.820	878.356	517.949
662.997	791.030	528.774	175.872	158.448	998.524	34.953	478.083	469.829	711.120	177.430	403.742	384.800	408.859	991.748	388.743	529.552	670.649	762.381	268.092	630.556	21.247	310.672	591.400	97.515	814.668	216.396	231.121	969.933	135.194	181.488	122.417	225.037	550.897	874.567	955.965	291.387	374.537	356.215	669.740	805.760	874.360	963.862	903.503	50.577	245.260	871.447	900.948	664.865	363.487	749.241	370.190	198.279	918.066	107.584	299.185	304.838	497.486	382.534	842.531	793.786	711.670	640.427	47.237	816.689	990.617	57.395	890.170
336.046	950.620	791.893	846.694	42.277	906.671	515.460	40.184	207.499	209.281	668.876	992.446	722.011	467.669	507.208	502.365	273.194	306.555	846.112	392.887	806.516	418.054	29.016	973.424	740.013	363.647	840.987	139.793	616.175	446.030	356.877	139.641	757.189	549.411	337.012	711.314	494.651	755.929	845.411	891.307	469.116	187.248	972.035	176.947	39.813	720.831	628.867	21.366	995.939	147.167	979.188	128.420	713.857	926.073	397.662	58.325	209.226	528.948	685.092	27.570	850.772	225.744	703.422	333.593	905.499	44.263	219.253	491.522
583.950	313.218	430.606	956.341	255.764	335.535	529.308	76.717	89.000	102.476	962.361	923.143	621.513	161.960	94.804	561.288	26.285	735.205	288.829	88.608	185.677	492.153	124.141	776.731	598.743	774.089	506.839	560.543	709.603	563.626	73.194	928.229	423.397	899.248	853.251	535.607	916.667	99.438	668.403	500.101	152.613	720.299	818.007	858.397	27.597	758.860	122.136	695.475	429.880	181.211	31.755	333.911	301.980	801.704	486.151	67.136	529.014	810.802	712.455	787.742	205.519	586.359	530.239	222.579	487.873	283.495	846.042	167.342
270.003	224.846	235.859	344.927	645.303	542.872	800.204	594.729	321.604	743.039	503.160	727.450	174.526	27.084	177.726	863.526	283.424	104.086	764.722	279.324	472.672	700.273	908.614	276.303	954.017	309.316	640.217	508.067	377.972	384.671	939.228	743.501	257.583	837.883	961.117	161.390	291.122	192.583	634.528	722.623	66.340	710.359	967.070	601.597	945.066	359.977	560.650	146.007	848.820	635.678	511.706	570.479	998.632	398.505	23.255	55.614	616.122	613.317	641.582	977.113	895.144	936.061	584.557	353.053	428.925	44.475	225.381	240.496
75.140	747.579	383.847	768.082	914.993	954.961	280.450	674.581	332.117	234.955	190.239	170.558	457.080	884.292	737.608	540.895	786.925	273.949	12.000	579.046	231.507	362.729	461.685	32.796	926.967	803.235	353.827	664.572	113.824	202.706	217.886	861.254	79.700	301.059	879.907	893.204	615.031	641.253	292.658	735.093	936.567	575.114	369.047	5.881	509.540	501.479	509.100	639.714	288.086	379.232	835.544	159.711	845.175	720.874	259.171	168.766	83.742	871.608	22.887	621.824	703.775	540.134	403.994	134.583	113.473	844.885	13.783	766.666
405.621	761.147	939.574	245.659	264.265	275.665	287.397	284.205	253.271	355.491	516.552	371.461	318.522	847.846	923.334	172.951	432.306	827.628	525.870	538.779	645.999	934.194	784.401	339.358	612.274	907.507	760.284	513.427	64.080	736.812	11.863	418.679	694.935	384.165	57.250	601.855	13.139	839.812	463.796	701.294	7.290	869.878	125.425	199.816	468.547	489.222	815.486	362.183	520.497	318.851	559.834	324.183	924.915	384.315	436.078	431.222	286.728	884.740	62.738	705.730	225.960	427.452	81.029	535.109	598.119	768.644	664.954	120.891
915.569	57.505	719.221	632.460	506.131	639.232	487.898	596.007	212.349	381.428	61.502	426.357	953.249	579.990	781.145	889.658	518.562	159.793	538.742	58.471	92.167	308.757	791.772	616.870	678.414	531.258	671.481	483.741	897.438	114.761	739.061	334.930	80.082	7.070	929.983	564.348	729.101	291.874	108.537	112.915	312.605	294.842	363.646	876.687	304.754	421.353	315.724	161.345	263.067	392.303	229.106	551.543	325.447	804.853	839.093	835.529	499.018	348.822	733.197	386.150	805.653	720.384	388.983	300.123	550.972	172.191	952.088	667.006
55.985	638.202	814.248	480.469	750.242	409.260	695.835	504.996	572.493	418.369	186.658	391.805	146.602	325.688	703.704	392.009	822.710	144.521	322.586	471.134	940.751	171.342	221.132	660.861	563.798	831.566	828.285	923.763	524.855	584.619	404.924	215.500	32.529	473.396	845.065	791.926	664.717	890.425	697.906	89.979	855.022	785.469	741.088	492.873	697.900	272.547	4.049	888.590	789.483	886.894	171.173	288.569	850.254	278.610	150.869	486.922	758.470	430.483	950.130	308.409	632.713	118.356	761.269	145.988	559.028	139.818	375.901	558.316
657.215	184.913	724.434	914.641	357.053	659.785	82.800	130.130	85.798	672.570	248.124	560.245	791.999	872.966	906.961	776.146	777.677	64.749	676.749	25.249	50.930	55.195	988.692	824.744	947.043	856.974	148.353	494.016	298.988	527.435	993.795	450.340	613.129	414.474	33.793	531.490	194.122	703.884	159.869	754.588	820.169	234.259	425.374	34.233	995.627	374.214	304.276	157.266	736.368	229.740	402.055	491.269	326.554	771.384	817.002	80.684	811.514	103.018	861.205	46.390	925.029	383.399	501.835	443.844	887.525	90.986	774.948	398.128
66.826	849.547	84.869	5.688	873.141	533.507	327.345	166.341	835.469	307.044	49.903	803.478	940.598	808.186	91.106	231.891	118.961	996.092	299.316	646.231	36.990	94.102	981.932	223.736	65.694	350.817	938.550	110.357	525.132	671.751	667.241	383.329	245.846	15.681	906.657	158.247	672.560	583.818	367.076	779.196	802.106	328.277	668.973	639.678	100.328	775.153	17.309	66.018	706.383	443.894	383.919	909.220	486.798	804.198	701.922	278.706	229.971	716.692	355.717	592.876	577.752	162.286	679.330	886.097	563.955	835.821	348.497	223.582
702.226	941.343	515.055	135.179	883.822	836.337	251.182	640.424	919.478	815.838	413.304	853.455	666.710	343.836	516.044	495.908	942.940	779.844	831.006	880.698	322.700	139.264	371.754	930.501	896.026	369.196	324.574	123.312	52.829	310.188	635.627	23.136	837.658	706.859	556.301	403.445	633.398	178.881	592.079	373.001	106.702	854.572	25.319	360.076	518.808	66.449	0.239	180.879	908.966	952.826	853.637	807.203	969.983	249.230	409.708	53.177	113.912	926.163	125.274	615.775	750.249	686.982	894.752	993.156	828.702	451.615	453.958	634.408
575.132	466.424	204.657	952.062	487.258	597.738	974.306	77.607	220.859	343.541	766.799	490.445	534.241	200.337	527.715	253.666	820.535	473.326	965.514	372.229	524.074	982.097	932.717	260.356	36.644	829.170	215.620	134.808	292.153	881.643	105.255	267.293	727.133	292.625	627.901	573.894	169.058	379.469	505.030	232.118	618.016	765.556	190.251	14.796	238.698	280.727	870.482	925.538	247.876	915.337	704.784	628.089	494.068	636.701	886.861	152.393	584.615	897.933	14.642	450.376	83.191	160.410	637.029	503.346	809.375	282.037	214.290	662.944
413.198	610.659	67.790	416.109	681.421	582.837	148.052	206.297	79.625	913.261	185.173	975.845	253.401	534.970	386.707	896.381	343.140	206.078	852.919	650.183	145.815	329.220	579.014	748.979	265.186	73.709	565.463	486.487	44.033	229.831	491.478	138.656	699.681	713.251	254.182	97.228	47.712	266.983	465.420	922.413	3.800	727.823	17.297	268.397	174.963	879.959	628.052	427.703	18.691	369.129	661.322	861.876	184.065	647.788	384.708	433.415	309.879	81.790	790.084	365.388	74.552	928.887	52.979	994.985	41.294	143.295	459.943	882.411
50.090	238.726	153.284	937.518	976.159	237.574	745.656	219.612	62.542	762.587	878.304	771.211	103.592	696.855	215.712	987.647	215.553	493.860	206.492	750.340	557.401	530.348	337.983	339.017	770.889	790.059	464.705	513.858	869.426	609.189	972.326	420.372	166.275	833.566	803.720	23.065	279.784	835.737	305.094	435.864	79.613	687.558	169.494	322.917	119.979	215.445	6.575	190.500	255.118	596.880	185.071	841.890	422.604	541.884	333.444	79.397	800.398	273.589	819.883	895.781	11.568	924.976	90.784	502.317	298.845	580.424	675.935	104.149
90.416	480.455	588.431	198.399																																																																
